<?xml version="1.0" encoding="UTF-8" standalone="no" ?>
<COLLADA xmlns="http://www.collada.org/2005/11/COLLADASchema" version="1.4.1">
    <asset>
        <contributor>
            <authoring_tool>SketchUp 18.0.16975</authoring_tool>
        </contributor>
        <created>2024-03-27T13:51:44Z</created>
        <modified>2024-03-27T13:51:44Z</modified>
        <unit meter="0.0254" name="inch" />
        <up_axis>Z_UP</up_axis>
    </asset>
    <library_cameras>
        <camera id="ID1" name="skp_camera_Last_Saved_SketchUp_View">
            <optics>
                <technique_common>
                    <perspective>
                        <yfov>35</yfov>
                        <aspect_ratio>0</aspect_ratio>
                        <znear>1</znear>
                        <zfar>1000</zfar>
                    </perspective>
                </technique_common>
            </optics>
        </camera>
        <camera id="ID2" name="skp_camera_test_(ACT(고급_카메라_도구))">
            <optics>
                <technique_common>
                    <perspective>
                        <yfov>35</yfov>
                        <aspect_ratio>0</aspect_ratio>
                        <znear>1</znear>
                        <zfar>1000</zfar>
                    </perspective>
                </technique_common>
            </optics>
        </camera>
        <camera id="ID3" name="skp_camera_test_(ACT(고급_카메라_도구))">
            <optics>
                <technique_common>
                    <perspective>
                        <yfov>35</yfov>
                        <aspect_ratio>0</aspect_ratio>
                        <znear>1</znear>
                        <zfar>1000</zfar>
                    </perspective>
                </technique_common>
            </optics>
        </camera>
        <camera id="ID4" name="skp_camera_test_(ACT(고급_카메라_도구))">
            <optics>
                <technique_common>
                    <perspective>
                        <yfov>35</yfov>
                        <aspect_ratio>0</aspect_ratio>
                        <znear>1</znear>
                        <zfar>1000</zfar>
                    </perspective>
                </technique_common>
            </optics>
        </camera>
        <camera id="ID5" name="skp_camera_test_(ACT(고급_카메라_도구))">
            <optics>
                <technique_common>
                    <perspective>
                        <yfov>35</yfov>
                        <aspect_ratio>0</aspect_ratio>
                        <znear>1</znear>
                        <zfar>1000</zfar>
                    </perspective>
                </technique_common>
            </optics>
        </camera>
        <camera id="ID6" name="skp_camera_test_(ACT(고급_카메라_도구))">
            <optics>
                <technique_common>
                    <perspective>
                        <yfov>35</yfov>
                        <aspect_ratio>0</aspect_ratio>
                        <znear>1</znear>
                        <zfar>1000</zfar>
                    </perspective>
                </technique_common>
            </optics>
        </camera>
        <camera id="ID7" name="skp_camera_test_(ACT(고급_카메라_도구))">
            <optics>
                <technique_common>
                    <perspective>
                        <yfov>35</yfov>
                        <aspect_ratio>0</aspect_ratio>
                        <znear>1</znear>
                        <zfar>1000</zfar>
                    </perspective>
                </technique_common>
            </optics>
        </camera>
        <camera id="ID8" name="skp_camera_test_(ACT(고급_카메라_도구))">
            <optics>
                <technique_common>
                    <perspective>
                        <yfov>35</yfov>
                        <aspect_ratio>0</aspect_ratio>
                        <znear>1</znear>
                        <zfar>1000</zfar>
                    </perspective>
                </technique_common>
            </optics>
        </camera>
        <camera id="ID9" name="skp_camera_test_(ACT(고급_카메라_도구))">
            <optics>
                <technique_common>
                    <perspective>
                        <yfov>35</yfov>
                        <aspect_ratio>0</aspect_ratio>
                        <znear>1</znear>
                        <zfar>1000</zfar>
                    </perspective>
                </technique_common>
            </optics>
        </camera>
        <camera id="ID10" name="skp_camera_test_(ACT(고급_카메라_도구))">
            <optics>
                <technique_common>
                    <perspective>
                        <yfov>35</yfov>
                        <aspect_ratio>0</aspect_ratio>
                        <znear>1</znear>
                        <zfar>1000</zfar>
                    </perspective>
                </technique_common>
            </optics>
        </camera>
        <camera id="ID11" name="skp_camera_test_(ACT(고급_카메라_도구))">
            <optics>
                <technique_common>
                    <perspective>
                        <yfov>35</yfov>
                        <aspect_ratio>0</aspect_ratio>
                        <znear>1</znear>
                        <zfar>1000</zfar>
                    </perspective>
                </technique_common>
            </optics>
        </camera>
        <camera id="ID12" name="skp_camera_test_(ACT(고급_카메라_도구))">
            <optics>
                <technique_common>
                    <perspective>
                        <yfov>35</yfov>
                        <aspect_ratio>0</aspect_ratio>
                        <znear>1</znear>
                        <zfar>1000</zfar>
                    </perspective>
                </technique_common>
            </optics>
        </camera>
        <camera id="ID13" name="skp_camera_test_(ACT(고급_카메라_도구))">
            <optics>
                <technique_common>
                    <perspective>
                        <yfov>35</yfov>
                        <aspect_ratio>0</aspect_ratio>
                        <znear>1</znear>
                        <zfar>1000</zfar>
                    </perspective>
                </technique_common>
            </optics>
        </camera>
        <camera id="ID14" name="skp_camera_test_(ACT(고급_카메라_도구))">
            <optics>
                <technique_common>
                    <perspective>
                        <yfov>35</yfov>
                        <aspect_ratio>0</aspect_ratio>
                        <znear>1</znear>
                        <zfar>1000</zfar>
                    </perspective>
                </technique_common>
            </optics>
        </camera>
        <camera id="ID15" name="skp_camera_test_(ACT(고급_카메라_도구))">
            <optics>
                <technique_common>
                    <perspective>
                        <yfov>35</yfov>
                        <aspect_ratio>0</aspect_ratio>
                        <znear>1</znear>
                        <zfar>1000</zfar>
                    </perspective>
                </technique_common>
            </optics>
        </camera>
        <camera id="ID16" name="skp_camera_test_(ACT(고급_카메라_도구))">
            <optics>
                <technique_common>
                    <perspective>
                        <yfov>35</yfov>
                        <aspect_ratio>0</aspect_ratio>
                        <znear>1</znear>
                        <zfar>1000</zfar>
                    </perspective>
                </technique_common>
            </optics>
        </camera>
        <camera id="ID17" name="skp_camera_test_(ACT(고급_카메라_도구))">
            <optics>
                <technique_common>
                    <perspective>
                        <yfov>35</yfov>
                        <aspect_ratio>0</aspect_ratio>
                        <znear>1</znear>
                        <zfar>1000</zfar>
                    </perspective>
                </technique_common>
            </optics>
        </camera>
        <camera id="ID18" name="skp_camera_test_(ACT(고급_카메라_도구))">
            <optics>
                <technique_common>
                    <perspective>
                        <yfov>35</yfov>
                        <aspect_ratio>0</aspect_ratio>
                        <znear>1</znear>
                        <zfar>1000</zfar>
                    </perspective>
                </technique_common>
            </optics>
        </camera>
        <camera id="ID19" name="skp_camera_test_(ACT(고급_카메라_도구))">
            <optics>
                <technique_common>
                    <perspective>
                        <yfov>35</yfov>
                        <aspect_ratio>0</aspect_ratio>
                        <znear>1</znear>
                        <zfar>1000</zfar>
                    </perspective>
                </technique_common>
            </optics>
        </camera>
        <camera id="ID20" name="skp_camera_test_(ACT(고급_카메라_도구))">
            <optics>
                <technique_common>
                    <perspective>
                        <yfov>35</yfov>
                        <aspect_ratio>0</aspect_ratio>
                        <znear>1</znear>
                        <zfar>1000</zfar>
                    </perspective>
                </technique_common>
            </optics>
        </camera>
        <camera id="ID21" name="skp_camera_test_(ACT(고급_카메라_도구))">
            <optics>
                <technique_common>
                    <perspective>
                        <yfov>35</yfov>
                        <aspect_ratio>0</aspect_ratio>
                        <znear>1</znear>
                        <zfar>1000</zfar>
                    </perspective>
                </technique_common>
            </optics>
        </camera>
        <camera id="ID22" name="skp_camera_test_(ACT(고급_카메라_도구))">
            <optics>
                <technique_common>
                    <perspective>
                        <yfov>35</yfov>
                        <aspect_ratio>0</aspect_ratio>
                        <znear>1</znear>
                        <zfar>1000</zfar>
                    </perspective>
                </technique_common>
            </optics>
        </camera>
        <camera id="ID23" name="skp_camera_test_(ACT(고급_카메라_도구))">
            <optics>
                <technique_common>
                    <perspective>
                        <yfov>35</yfov>
                        <aspect_ratio>0</aspect_ratio>
                        <znear>1</znear>
                        <zfar>1000</zfar>
                    </perspective>
                </technique_common>
            </optics>
        </camera>
        <camera id="ID24" name="skp_camera_test_(ACT(고급_카메라_도구))">
            <optics>
                <technique_common>
                    <perspective>
                        <yfov>35</yfov>
                        <aspect_ratio>0</aspect_ratio>
                        <znear>1</znear>
                        <zfar>1000</zfar>
                    </perspective>
                </technique_common>
            </optics>
        </camera>
        <camera id="ID25" name="skp_camera_test_(ACT(고급_카메라_도구))">
            <optics>
                <technique_common>
                    <perspective>
                        <yfov>35</yfov>
                        <aspect_ratio>0</aspect_ratio>
                        <znear>1</znear>
                        <zfar>1000</zfar>
                    </perspective>
                </technique_common>
            </optics>
        </camera>
        <camera id="ID26" name="skp_camera_test_(ACT(고급_카메라_도구))">
            <optics>
                <technique_common>
                    <perspective>
                        <yfov>35</yfov>
                        <aspect_ratio>0</aspect_ratio>
                        <znear>1</znear>
                        <zfar>1000</zfar>
                    </perspective>
                </technique_common>
            </optics>
        </camera>
    </library_cameras>
    <library_visual_scenes>
        <visual_scene id="ID27">
            <node name="SketchUp">
                <node name="skp_camera_Last_Saved_SketchUp_View">
                    <matrix>0.9180961 0.3313502 -0.2175007 1883.521 -0.3963578 0.767517 -0.5038038 -3540.148 -4.857226e-15 0.5487484 0.8359876 1826.967 0 0 0 1</matrix>
                    <instance_camera url="#ID1" />
                </node>
                <node name="skp_camera_test_(ACT(고급_카메라_도구))">
                    <matrix>0.9394249 0.2963951 -0.1721359 2012.714 -0.3427547 0.8123621 -0.4717914 -3491.931 -5.051515e-15 0.502213 0.8647439 1884.655 0 0 0 1</matrix>
                    <instance_camera url="#ID2" />
                </node>
                <node name="skp_camera_test_(ACT(고급_카메라_도구))">
                    <matrix>0.9394249 0.2963951 -0.1721359 2012.714 -0.3427547 0.8123621 -0.4717914 -3491.931 -5.051515e-15 0.502213 0.8647439 1884.655 0 0 0 1</matrix>
                    <instance_camera url="#ID3" />
                </node>
                <node name="skp_camera_test_(ACT(고급_카메라_도구))">
                    <matrix>0.9180961 0.3313502 -0.2175007 1883.521 -0.3963578 0.767517 -0.5038038 -3540.148 -4.857226e-15 0.5487484 0.8359876 1826.967 0 0 0 1</matrix>
                    <instance_camera url="#ID4" />
                </node>
                <node name="skp_camera_test_(ACT(고급_카메라_도구))">
                    <matrix>0.9180961 0.3313502 -0.2175007 1883.521 -0.3963578 0.767517 -0.5038038 -3540.148 -4.857226e-15 0.5487484 0.8359876 1826.967 0 0 0 1</matrix>
                    <instance_camera url="#ID5" />
                </node>
                <node name="skp_camera_test_(ACT(고급_카메라_도구))">
                    <matrix>0.9180961 0.3313502 -0.2175007 1883.521 -0.3963578 0.767517 -0.5038038 -3540.148 -4.857226e-15 0.5487484 0.8359876 1826.967 0 0 0 1</matrix>
                    <instance_camera url="#ID6" />
                </node>
                <node name="skp_camera_test_(ACT(고급_카메라_도구))">
                    <matrix>0.9180961 0.3313502 -0.2175007 1883.521 -0.3963578 0.767517 -0.5038038 -3540.148 -4.857226e-15 0.5487484 0.8359876 1826.967 0 0 0 1</matrix>
                    <instance_camera url="#ID7" />
                </node>
                <node name="skp_camera_test_(ACT(고급_카메라_도구))">
                    <matrix>0.9180961 0.3313502 -0.2175007 1883.521 -0.3963578 0.767517 -0.5038038 -3540.148 -4.857226e-15 0.5487484 0.8359876 1826.967 0 0 0 1</matrix>
                    <instance_camera url="#ID8" />
                </node>
                <node name="skp_camera_test_(ACT(고급_카메라_도구))">
                    <matrix>0.9180961 0.3313502 -0.2175007 1883.521 -0.3963578 0.767517 -0.5038038 -3540.148 -4.857226e-15 0.5487484 0.8359876 1826.967 0 0 0 1</matrix>
                    <instance_camera url="#ID9" />
                </node>
                <node name="skp_camera_test_(ACT(고급_카메라_도구))">
                    <matrix>0.9180961 0.3313502 -0.2175007 1883.521 -0.3963578 0.767517 -0.5038038 -3540.148 -4.857226e-15 0.5487484 0.8359876 1826.967 0 0 0 1</matrix>
                    <instance_camera url="#ID10" />
                </node>
                <node name="skp_camera_test_(ACT(고급_카메라_도구))">
                    <matrix>0.9180961 0.3313502 -0.2175007 1883.521 -0.3963578 0.767517 -0.5038038 -3540.148 -4.857226e-15 0.5487484 0.8359876 1826.967 0 0 0 1</matrix>
                    <instance_camera url="#ID11" />
                </node>
                <node name="skp_camera_test_(ACT(고급_카메라_도구))">
                    <matrix>0.9180961 0.3313502 -0.2175007 1883.521 -0.3963578 0.767517 -0.5038038 -3540.148 -4.857226e-15 0.5487484 0.8359876 1826.967 0 0 0 1</matrix>
                    <instance_camera url="#ID12" />
                </node>
                <node name="skp_camera_test_(ACT(고급_카메라_도구))">
                    <matrix>0.9180961 0.3313502 -0.2175007 1883.521 -0.3963578 0.767517 -0.5038038 -3540.148 -4.857226e-15 0.5487484 0.8359876 1826.967 0 0 0 1</matrix>
                    <instance_camera url="#ID13" />
                </node>
                <node name="skp_camera_test_(ACT(고급_카메라_도구))">
                    <matrix>0.9180961 0.3313502 -0.2175007 1883.521 -0.3963578 0.767517 -0.5038038 -3540.148 -4.857226e-15 0.5487484 0.8359876 1826.967 0 0 0 1</matrix>
                    <instance_camera url="#ID14" />
                </node>
                <node name="skp_camera_test_(ACT(고급_카메라_도구))">
                    <matrix>0.9180961 0.3313502 -0.2175007 1883.521 -0.3963578 0.767517 -0.5038038 -3540.148 -4.857226e-15 0.5487484 0.8359876 1826.967 0 0 0 1</matrix>
                    <instance_camera url="#ID15" />
                </node>
                <node name="skp_camera_test_(ACT(고급_카메라_도구))">
                    <matrix>0.9180961 0.3313502 -0.2175007 1883.521 -0.3963578 0.767517 -0.5038038 -3540.148 -4.857226e-15 0.5487484 0.8359876 1826.967 0 0 0 1</matrix>
                    <instance_camera url="#ID16" />
                </node>
                <node name="skp_camera_test_(ACT(고급_카메라_도구))">
                    <matrix>0.9180961 0.3313502 -0.2175007 1883.521 -0.3963578 0.767517 -0.5038038 -3540.148 -4.857226e-15 0.5487484 0.8359876 1826.967 0 0 0 1</matrix>
                    <instance_camera url="#ID17" />
                </node>
                <node name="skp_camera_test_(ACT(고급_카메라_도구))">
                    <matrix>0.9180961 0.3313502 -0.2175007 1883.521 -0.3963578 0.767517 -0.5038038 -3540.148 -4.857226e-15 0.5487484 0.8359876 1826.967 0 0 0 1</matrix>
                    <instance_camera url="#ID18" />
                </node>
                <node name="skp_camera_test_(ACT(고급_카메라_도구))">
                    <matrix>0.9180961 0.3313502 -0.2175007 1883.521 -0.3963578 0.767517 -0.5038038 -3540.148 -4.857226e-15 0.5487484 0.8359876 1826.967 0 0 0 1</matrix>
                    <instance_camera url="#ID19" />
                </node>
                <node name="skp_camera_test_(ACT(고급_카메라_도구))">
                    <matrix>0.9180961 0.3313502 -0.2175007 1883.521 -0.3963578 0.767517 -0.5038038 -3540.148 -4.857226e-15 0.5487484 0.8359876 1826.967 0 0 0 1</matrix>
                    <instance_camera url="#ID20" />
                </node>
                <node name="skp_camera_test_(ACT(고급_카메라_도구))">
                    <matrix>0.9180961 0.3313502 -0.2175007 1883.521 -0.3963578 0.767517 -0.5038038 -3540.148 -4.857226e-15 0.5487484 0.8359876 1826.967 0 0 0 1</matrix>
                    <instance_camera url="#ID21" />
                </node>
                <node name="skp_camera_test_(ACT(고급_카메라_도구))">
                    <matrix>0.9180961 0.3313502 -0.2175007 1883.521 -0.3963578 0.767517 -0.5038038 -3540.148 -4.857226e-15 0.5487484 0.8359876 1826.967 0 0 0 1</matrix>
                    <instance_camera url="#ID22" />
                </node>
                <node name="skp_camera_test_(ACT(고급_카메라_도구))">
                    <matrix>0.9180961 0.3313502 -0.2175007 1883.521 -0.3963578 0.767517 -0.5038038 -3540.148 -4.857226e-15 0.5487484 0.8359876 1826.967 0 0 0 1</matrix>
                    <instance_camera url="#ID23" />
                </node>
                <node name="skp_camera_test_(ACT(고급_카메라_도구))">
                    <matrix>0.9180961 0.3313502 -0.2175007 1883.521 -0.3963578 0.767517 -0.5038038 -3540.148 -4.857226e-15 0.5487484 0.8359876 1826.967 0 0 0 1</matrix>
                    <instance_camera url="#ID24" />
                </node>
                <node name="skp_camera_test_(ACT(고급_카메라_도구))">
                    <matrix>0.9180961 0.3313502 -0.2175007 1883.521 -0.3963578 0.767517 -0.5038038 -3540.148 -4.857226e-15 0.5487484 0.8359876 1826.967 0 0 0 1</matrix>
                    <instance_camera url="#ID25" />
                </node>
                <node name="skp_camera_test_(ACT(고급_카메라_도구))">
                    <matrix>0.9180961 0.3313502 -0.2175007 1883.521 -0.3963578 0.767517 -0.5038038 -3540.148 -4.857226e-15 0.5487484 0.8359876 1826.967 0 0 0 1</matrix>
                    <instance_camera url="#ID26" />
                </node>
                <node id="ID28" name="group_0">
                    <matrix>1 0 0 1477.965 0 1 0 -2998.947 0 0 1 -0.1574803 0 0 0 1</matrix>
                    <node id="ID29" name="group_1">
                        <matrix>1 0 0 0.03937008 0 1 0 0 0 0 1 0 0 0 0 1</matrix>
                        <node id="ID30" name="group_2">
                            <matrix>1 0 0 799.6947 0 1 0 930.0855 0 0 1 1.554312e-14 0 0 0 1</matrix>
                            <instance_geometry url="#ID31">
                                <bind_material>
                                    <technique_common>
                                        <instance_material symbol="Material2" target="#ID32">
                                            <bind_vertex_input semantic="UVSET0" input_semantic="TEXCOORD" input_set="0" />
                                        </instance_material>
                                    </technique_common>
                                </bind_material>
                            </instance_geometry>
                            <instance_geometry url="#ID39">
                                <bind_material>
                                    <technique_common>
                                        <instance_material symbol="Material2" target="#ID40">
                                            <bind_vertex_input semantic="UVSET0" input_semantic="TEXCOORD" input_set="0" />
                                        </instance_material>
                                    </technique_common>
                                </bind_material>
                            </instance_geometry>
                            <instance_geometry url="#ID47">
                                <bind_material>
                                    <technique_common>
                                        <instance_material symbol="Material2" target="#ID32">
                                            <bind_vertex_input semantic="UVSET0" input_semantic="TEXCOORD" input_set="0" />
                                        </instance_material>
                                    </technique_common>
                                </bind_material>
                            </instance_geometry>
                            <instance_geometry url="#ID53">
                                <bind_material>
                                    <technique_common>
                                        <instance_material symbol="Material2" target="#ID40">
                                            <bind_vertex_input semantic="UVSET0" input_semantic="TEXCOORD" input_set="0" />
                                        </instance_material>
                                    </technique_common>
                                </bind_material>
                            </instance_geometry>
                            <instance_geometry url="#ID59">
                                <bind_material>
                                    <technique_common>
                                        <instance_material symbol="Material2" target="#ID40">
                                            <bind_vertex_input semantic="UVSET0" input_semantic="TEXCOORD" input_set="0" />
                                        </instance_material>
                                    </technique_common>
                                </bind_material>
                            </instance_geometry>
                            <instance_geometry url="#ID65">
                                <bind_material>
                                    <technique_common>
                                        <instance_material symbol="Material2" target="#ID32">
                                            <bind_vertex_input semantic="UVSET0" input_semantic="TEXCOORD" input_set="0" />
                                        </instance_material>
                                    </technique_common>
                                </bind_material>
                            </instance_geometry>
                            <instance_geometry url="#ID71">
                                <bind_material>
                                    <technique_common>
                                        <instance_material symbol="Material2" target="#ID32">
                                            <bind_vertex_input semantic="UVSET0" input_semantic="TEXCOORD" input_set="0" />
                                        </instance_material>
                                    </technique_common>
                                </bind_material>
                            </instance_geometry>
                            <instance_geometry url="#ID77">
                                <bind_material>
                                    <technique_common>
                                        <instance_material symbol="Material2" target="#ID40">
                                            <bind_vertex_input semantic="UVSET0" input_semantic="TEXCOORD" input_set="0" />
                                        </instance_material>
                                    </technique_common>
                                </bind_material>
                            </instance_geometry>
                            <instance_geometry url="#ID83">
                                <bind_material>
                                    <technique_common>
                                        <instance_material symbol="Material2" target="#ID32">
                                            <bind_vertex_input semantic="UVSET0" input_semantic="TEXCOORD" input_set="0" />
                                        </instance_material>
                                    </technique_common>
                                </bind_material>
                            </instance_geometry>
                            <instance_geometry url="#ID89">
                                <bind_material>
                                    <technique_common>
                                        <instance_material symbol="Material2" target="#ID40">
                                            <bind_vertex_input semantic="UVSET0" input_semantic="TEXCOORD" input_set="0" />
                                        </instance_material>
                                    </technique_common>
                                </bind_material>
                            </instance_geometry>
                            <instance_geometry url="#ID95">
                                <bind_material>
                                    <technique_common>
                                        <instance_material symbol="Material2" target="#ID32">
                                            <bind_vertex_input semantic="UVSET0" input_semantic="TEXCOORD" input_set="0" />
                                        </instance_material>
                                    </technique_common>
                                </bind_material>
                            </instance_geometry>
                            <instance_geometry url="#ID101">
                                <bind_material>
                                    <technique_common>
                                        <instance_material symbol="Material2" target="#ID40">
                                            <bind_vertex_input semantic="UVSET0" input_semantic="TEXCOORD" input_set="0" />
                                        </instance_material>
                                    </technique_common>
                                </bind_material>
                            </instance_geometry>
                            <instance_geometry url="#ID107">
                                <bind_material>
                                    <technique_common>
                                        <instance_material symbol="Material2" target="#ID32">
                                            <bind_vertex_input semantic="UVSET0" input_semantic="TEXCOORD" input_set="0" />
                                        </instance_material>
                                    </technique_common>
                                </bind_material>
                            </instance_geometry>
                            <instance_geometry url="#ID113">
                                <bind_material>
                                    <technique_common>
                                        <instance_material symbol="Material2" target="#ID40">
                                            <bind_vertex_input semantic="UVSET0" input_semantic="TEXCOORD" input_set="0" />
                                        </instance_material>
                                    </technique_common>
                                </bind_material>
                            </instance_geometry>
                            <instance_geometry url="#ID119">
                                <bind_material>
                                    <technique_common>
                                        <instance_material symbol="Material2" target="#ID32">
                                            <bind_vertex_input semantic="UVSET0" input_semantic="TEXCOORD" input_set="0" />
                                        </instance_material>
                                    </technique_common>
                                </bind_material>
                            </instance_geometry>
                            <instance_geometry url="#ID125">
                                <bind_material>
                                    <technique_common>
                                        <instance_material symbol="Material2" target="#ID40">
                                            <bind_vertex_input semantic="UVSET0" input_semantic="TEXCOORD" input_set="0" />
                                        </instance_material>
                                    </technique_common>
                                </bind_material>
                            </instance_geometry>
                            <instance_geometry url="#ID131">
                                <bind_material>
                                    <technique_common>
                                        <instance_material symbol="Material2" target="#ID32">
                                            <bind_vertex_input semantic="UVSET0" input_semantic="TEXCOORD" input_set="0" />
                                        </instance_material>
                                    </technique_common>
                                </bind_material>
                            </instance_geometry>
                            <instance_geometry url="#ID137">
                                <bind_material>
                                    <technique_common>
                                        <instance_material symbol="Material2" target="#ID32">
                                            <bind_vertex_input semantic="UVSET0" input_semantic="TEXCOORD" input_set="0" />
                                        </instance_material>
                                    </technique_common>
                                </bind_material>
                            </instance_geometry>
                            <instance_geometry url="#ID143">
                                <bind_material>
                                    <technique_common>
                                        <instance_material symbol="Material2" target="#ID40">
                                            <bind_vertex_input semantic="UVSET0" input_semantic="TEXCOORD" input_set="0" />
                                        </instance_material>
                                    </technique_common>
                                </bind_material>
                            </instance_geometry>
                            <instance_geometry url="#ID149">
                                <bind_material>
                                    <technique_common>
                                        <instance_material symbol="Material2" target="#ID40">
                                            <bind_vertex_input semantic="UVSET0" input_semantic="TEXCOORD" input_set="0" />
                                        </instance_material>
                                    </technique_common>
                                </bind_material>
                            </instance_geometry>
                            <instance_geometry url="#ID155">
                                <bind_material>
                                    <technique_common>
                                        <instance_material symbol="Material2" target="#ID32">
                                            <bind_vertex_input semantic="UVSET0" input_semantic="TEXCOORD" input_set="0" />
                                        </instance_material>
                                    </technique_common>
                                </bind_material>
                            </instance_geometry>
                            <instance_geometry url="#ID161">
                                <bind_material>
                                    <technique_common>
                                        <instance_material symbol="Material2" target="#ID40">
                                            <bind_vertex_input semantic="UVSET0" input_semantic="TEXCOORD" input_set="0" />
                                        </instance_material>
                                    </technique_common>
                                </bind_material>
                            </instance_geometry>
                        </node>
                        <node id="ID167" name="group_3">
                            <matrix>1 0 0 1648.861 0 1 0 336.1739 0 0 1 0.1574803 0 0 0 1</matrix>
                            <instance_geometry url="#ID168">
                                <bind_material>
                                    <technique_common>
                                        <instance_material symbol="Material2" target="#ID32">
                                            <bind_vertex_input semantic="UVSET0" input_semantic="TEXCOORD" input_set="0" />
                                        </instance_material>
                                        <instance_material symbol="Material3" target="#ID40">
                                            <bind_vertex_input semantic="UVSET0" input_semantic="TEXCOORD" input_set="0" />
                                        </instance_material>
                                    </technique_common>
                                </bind_material>
                            </instance_geometry>
                            <instance_geometry url="#ID174">
                                <bind_material>
                                    <technique_common>
                                        <instance_material symbol="Material2" target="#ID32">
                                            <bind_vertex_input semantic="UVSET0" input_semantic="TEXCOORD" input_set="0" />
                                        </instance_material>
                                        <instance_material symbol="Material3" target="#ID175">
                                            <bind_vertex_input semantic="UVSET0" input_semantic="TEXCOORD" input_set="0" />
                                        </instance_material>
                                    </technique_common>
                                </bind_material>
                            </instance_geometry>
                            <instance_geometry url="#ID182">
                                <bind_material>
                                    <technique_common>
                                        <instance_material symbol="Material2" target="#ID32">
                                            <bind_vertex_input semantic="UVSET0" input_semantic="TEXCOORD" input_set="0" />
                                        </instance_material>
                                        <instance_material symbol="Material3" target="#ID40">
                                            <bind_vertex_input semantic="UVSET0" input_semantic="TEXCOORD" input_set="0" />
                                        </instance_material>
                                    </technique_common>
                                </bind_material>
                            </instance_geometry>
                            <instance_geometry url="#ID188">
                                <bind_material>
                                    <technique_common>
                                        <instance_material symbol="Material2" target="#ID32">
                                            <bind_vertex_input semantic="UVSET0" input_semantic="TEXCOORD" input_set="0" />
                                        </instance_material>
                                        <instance_material symbol="Material3" target="#ID40">
                                            <bind_vertex_input semantic="UVSET0" input_semantic="TEXCOORD" input_set="0" />
                                        </instance_material>
                                    </technique_common>
                                </bind_material>
                            </instance_geometry>
                            <instance_geometry url="#ID194">
                                <bind_material>
                                    <technique_common>
                                        <instance_material symbol="Material2" target="#ID32">
                                            <bind_vertex_input semantic="UVSET0" input_semantic="TEXCOORD" input_set="0" />
                                        </instance_material>
                                        <instance_material symbol="Material3" target="#ID40">
                                            <bind_vertex_input semantic="UVSET0" input_semantic="TEXCOORD" input_set="0" />
                                        </instance_material>
                                    </technique_common>
                                </bind_material>
                            </instance_geometry>
                            <instance_geometry url="#ID200">
                                <bind_material>
                                    <technique_common>
                                        <instance_material symbol="Material2" target="#ID32">
                                            <bind_vertex_input semantic="UVSET0" input_semantic="TEXCOORD" input_set="0" />
                                        </instance_material>
                                        <instance_material symbol="Material3" target="#ID40">
                                            <bind_vertex_input semantic="UVSET0" input_semantic="TEXCOORD" input_set="0" />
                                        </instance_material>
                                    </technique_common>
                                </bind_material>
                            </instance_geometry>
                            <instance_geometry url="#ID206">
                                <bind_material>
