<?xml version="1.0" encoding="UTF-8" standalone="no" ?>
<COLLADA xmlns="http://www.collada.org/2005/11/COLLADASchema" version="1.4.1">
    <asset>
        <contributor>
            <authoring_tool>SketchUp 18.0.16975</authoring_tool>
        </contributor>
        <created>2024-04-02T06:19:09Z</created>
        <modified>2024-04-02T06:19:09Z</modified>
        <unit meter="0.0254" name="inch" />
        <up_axis>Z_UP</up_axis>
    </asset>
    <library_cameras>
        <camera id="ID1" name="skp_camera_Last_Saved_SketchUp_View">
            <optics>
                <technique_common>
                    <perspective>
                        <yfov>35</yfov>
                        <aspect_ratio>0</aspect_ratio>
                        <znear>1</znear>
                        <zfar>1000</zfar>
                    </perspective>
                </technique_common>
            </optics>
        </camera>
        <camera id="ID2" name="skp_camera_test_(ACT(고급_카메라_도구))">
            <optics>
                <technique_common>
                    <perspective>
                        <yfov>35</yfov>
                        <aspect_ratio>0</aspect_ratio>
                        <znear>1</znear>
                        <zfar>1000</zfar>
                    </perspective>
                </technique_common>
            </optics>
        </camera>
        <camera id="ID3" name="skp_camera_test_(ACT(고급_카메라_도구))">
            <optics>
                <technique_common>
                    <perspective>
                        <yfov>35</yfov>
                        <aspect_ratio>0</aspect_ratio>
                        <znear>1</znear>
                        <zfar>1000</zfar>
                    </perspective>
                </technique_common>
            </optics>
        </camera>
        <camera id="ID4" name="skp_camera_test_(ACT(고급_카메라_도구))">
            <optics>
                <technique_common>
                    <perspective>
                        <yfov>35</yfov>
                        <aspect_ratio>0</aspect_ratio>
                        <znear>1</znear>
                        <zfar>1000</zfar>
                    </perspective>
                </technique_common>
            </optics>
        </camera>
        <camera id="ID5" name="skp_camera_test_(ACT(고급_카메라_도구))">
            <optics>
                <technique_common>
                    <perspective>
                        <yfov>35</yfov>
                        <aspect_ratio>0</aspect_ratio>
                        <znear>1</znear>
                        <zfar>1000</zfar>
                    </perspective>
                </technique_common>
            </optics>
        </camera>
        <camera id="ID6" name="skp_camera_test_(ACT(고급_카메라_도구))">
            <optics>
                <technique_common>
                    <perspective>
                        <yfov>35</yfov>
                        <aspect_ratio>0</aspect_ratio>
                        <znear>1</znear>
                        <zfar>1000</zfar>
                    </perspective>
                </technique_common>
            </optics>
        </camera>
        <camera id="ID7" name="skp_camera_test_(ACT(고급_카메라_도구))">
            <optics>
                <technique_common>
                    <perspective>
                        <yfov>35</yfov>
                        <aspect_ratio>0</aspect_ratio>
                        <znear>1</znear>
                        <zfar>1000</zfar>
                    </perspective>
                </technique_common>
            </optics>
        </camera>
        <camera id="ID8" name="skp_camera_test_(ACT(고급_카메라_도구))">
            <optics>
                <technique_common>
                    <perspective>
                        <yfov>35</yfov>
                        <aspect_ratio>0</aspect_ratio>
                        <znear>1</znear>
                        <zfar>1000</zfar>
                    </perspective>
                </technique_common>
            </optics>
        </camera>
        <camera id="ID9" name="skp_camera_test_(ACT(고급_카메라_도구))">
            <optics>
                <technique_common>
                    <perspective>
                        <yfov>35</yfov>
                        <aspect_ratio>0</aspect_ratio>
                        <znear>1</znear>
                        <zfar>1000</zfar>
                    </perspective>
                </technique_common>
            </optics>
        </camera>
        <camera id="ID10" name="skp_camera_test_(ACT(고급_카메라_도구))">
            <optics>
                <technique_common>
                    <perspective>
                        <yfov>35</yfov>
                        <aspect_ratio>0</aspect_ratio>
                        <znear>1</znear>
                        <zfar>1000</zfar>
                    </perspective>
                </technique_common>
            </optics>
        </camera>
        <camera id="ID11" name="skp_camera_test_(ACT(고급_카메라_도구))">
            <optics>
                <technique_common>
                    <perspective>
                        <yfov>35</yfov>
                        <aspect_ratio>0</aspect_ratio>
                        <znear>1</znear>
                        <zfar>1000</zfar>
                    </perspective>
                </technique_common>
            </optics>
        </camera>
        <camera id="ID12" name="skp_camera_test_(ACT(고급_카메라_도구))">
            <optics>
                <technique_common>
                    <perspective>
                        <yfov>35</yfov>
                        <aspect_ratio>0</aspect_ratio>
                        <znear>1</znear>
                        <zfar>1000</zfar>
                    </perspective>
                </technique_common>
            </optics>
        </camera>
        <camera id="ID13" name="skp_camera_test_(ACT(고급_카메라_도구))">
            <optics>
                <technique_common>
                    <perspective>
                        <yfov>35</yfov>
                        <aspect_ratio>0</aspect_ratio>
                        <znear>1</znear>
                        <zfar>1000</zfar>
                    </perspective>
                </technique_common>
            </optics>
        </camera>
        <camera id="ID14" name="skp_camera_test_(ACT(고급_카메라_도구))">
            <optics>
                <technique_common>
                    <perspective>
                        <yfov>35</yfov>
                        <aspect_ratio>0</aspect_ratio>
                        <znear>1</znear>
                        <zfar>1000</zfar>
                    </perspective>
                </technique_common>
            </optics>
        </camera>
        <camera id="ID15" name="skp_camera_test_(ACT(고급_카메라_도구))">
            <optics>
                <technique_common>
                    <perspective>
                        <yfov>35</yfov>
                        <aspect_ratio>0</aspect_ratio>
                        <znear>1</znear>
                        <zfar>1000</zfar>
                    </perspective>
                </technique_common>
            </optics>
        </camera>
        <camera id="ID16" name="skp_camera_test_(ACT(고급_카메라_도구))">
            <optics>
                <technique_common>
                    <perspective>
                        <yfov>35</yfov>
                        <aspect_ratio>0</aspect_ratio>
                        <znear>1</znear>
                        <zfar>1000</zfar>
                    </perspective>
                </technique_common>
            </optics>
        </camera>
        <camera id="ID17" name="skp_camera_test_(ACT(고급_카메라_도구))">
            <optics>
                <technique_common>
                    <perspective>
                        <yfov>35</yfov>
                        <aspect_ratio>0</aspect_ratio>
                        <znear>1</znear>
                        <zfar>1000</zfar>
                    </perspective>
                </technique_common>
            </optics>
        </camera>
        <camera id="ID18" name="skp_camera_test_(ACT(고급_카메라_도구))">
            <optics>
                <technique_common>
                    <perspective>
                        <yfov>35</yfov>
                        <aspect_ratio>0</aspect_ratio>
                        <znear>1</znear>
                        <zfar>1000</zfar>
                    </perspective>
                </technique_common>
            </optics>
        </camera>
        <camera id="ID19" name="skp_camera_test_(ACT(고급_카메라_도구))">
            <optics>
                <technique_common>
                    <perspective>
                        <yfov>35</yfov>
                        <aspect_ratio>0</aspect_ratio>
                        <znear>1</znear>
                        <zfar>1000</zfar>
                    </perspective>
                </technique_common>
            </optics>
        </camera>
        <camera id="ID20" name="skp_camera_test_(ACT(고급_카메라_도구))">
            <optics>
                <technique_common>
                    <perspective>
                        <yfov>35</yfov>
                        <aspect_ratio>0</aspect_ratio>
                        <znear>1</znear>
                        <zfar>1000</zfar>
                    </perspective>
                </technique_common>
            </optics>
        </camera>
        <camera id="ID21" name="skp_camera_test_(ACT(고급_카메라_도구))">
            <optics>
                <technique_common>
                    <perspective>
                        <yfov>35</yfov>
                        <aspect_ratio>0</aspect_ratio>
                        <znear>1</znear>
                        <zfar>1000</zfar>
                    </perspective>
                </technique_common>
            </optics>
        </camera>
        <camera id="ID22" name="skp_camera_test_(ACT(고급_카메라_도구))">
            <optics>
                <technique_common>
                    <perspective>
                        <yfov>35</yfov>
                        <aspect_ratio>0</aspect_ratio>
                        <znear>1</znear>
                        <zfar>1000</zfar>
                    </perspective>
                </technique_common>
            </optics>
        </camera>
        <camera id="ID23" name="skp_camera_test_(ACT(고급_카메라_도구))">
            <optics>
                <technique_common>
                    <perspective>
                        <yfov>35</yfov>
                        <aspect_ratio>0</aspect_ratio>
                        <znear>1</znear>
                        <zfar>1000</zfar>
                    </perspective>
                </technique_common>
            </optics>
        </camera>
        <camera id="ID24" name="skp_camera_test_(ACT(고급_카메라_도구))">
            <optics>
                <technique_common>
                    <perspective>
                        <yfov>35</yfov>
                        <aspect_ratio>0</aspect_ratio>
                        <znear>1</znear>
                        <zfar>1000</zfar>
                    </perspective>
                </technique_common>
            </optics>
        </camera>
        <camera id="ID25" name="skp_camera_test_(ACT(고급_카메라_도구))">
            <optics>
                <technique_common>
                    <perspective>
                        <yfov>35</yfov>
                        <aspect_ratio>0</aspect_ratio>
                        <znear>1</znear>
                        <zfar>1000</zfar>
                    </perspective>
                </technique_common>
            </optics>
        </camera>
        <camera id="ID26" name="skp_camera_test_(ACT(고급_카메라_도구))">
            <optics>
                <technique_common>
                    <perspective>
                        <yfov>35</yfov>
                        <aspect_ratio>0</aspect_ratio>
                        <znear>1</znear>
                        <zfar>1000</zfar>
                    </perspective>
                </technique_common>
            </optics>
        </camera>
    </library_cameras>
    <library_visual_scenes>
        <visual_scene id="ID27">
            <node name="SketchUp">
                <node name="skp_camera_Last_Saved_SketchUp_View">
                    <matrix>0.9441227 0.2491432 -0.2157777 438.6707 -0.3295943 0.7136707 -0.6180953 -1112.453 2.775558e-17 0.6546769 0.7559088 1541.889 0 0 0 1</matrix>
                    <instance_camera url="#ID1" />
                </node>
                <node name="skp_camera_test_(ACT(고급_카메라_도구))">
                    <matrix>0.9394249 0.2963951 -0.1721359 2012.714 -0.3427547 0.8123621 -0.4717914 -3491.931 -5.051515e-15 0.502213 0.8647439 1884.655 0 0 0 1</matrix>
                    <instance_camera url="#ID2" />
                </node>
                <node name="skp_camera_test_(ACT(고급_카메라_도구))">
                    <matrix>0.9394249 0.2963951 -0.1721359 2012.714 -0.3427547 0.8123621 -0.4717914 -3491.931 -5.051515e-15 0.502213 0.8647439 1884.655 0 0 0 1</matrix>
                    <instance_camera url="#ID3" />
                </node>
                <node name="skp_camera_test_(ACT(고급_카메라_도구))">
                    <matrix>0.9180961 0.3313502 -0.2175007 1883.521 -0.3963578 0.767517 -0.5038038 -3540.148 -4.857226e-15 0.5487484 0.8359876 1826.967 0 0 0 1</matrix>
                    <instance_camera url="#ID4" />
                </node>
                <node name="skp_camera_test_(ACT(고급_카메라_도구))">
                    <matrix>0.9180961 0.3313502 -0.2175007 1883.521 -0.3963578 0.767517 -0.5038038 -3540.148 -4.857226e-15 0.5487484 0.8359876 1826.967 0 0 0 1</matrix>
                    <instance_camera url="#ID5" />
                </node>
                <node name="skp_camera_test_(ACT(고급_카메라_도구))">
                    <matrix>0.9180961 0.3313502 -0.2175007 1883.521 -0.3963578 0.767517 -0.5038038 -3540.148 -4.857226e-15 0.5487484 0.8359876 1826.967 0 0 0 1</matrix>
                    <instance_camera url="#ID6" />
                </node>
                <node name="skp_camera_test_(ACT(고급_카메라_도구))">
                    <matrix>0.9180961 0.3313502 -0.2175007 1883.521 -0.3963578 0.767517 -0.5038038 -3540.148 -4.857226e-15 0.5487484 0.8359876 1826.967 0 0 0 1</matrix>
                    <instance_camera url="#ID7" />
                </node>
                <node name="skp_camera_test_(ACT(고급_카메라_도구))">
                    <matrix>0.9180961 0.3313502 -0.2175007 1883.521 -0.3963578 0.767517 -0.5038038 -3540.148 -4.857226e-15 0.5487484 0.8359876 1826.967 0 0 0 1</matrix>
                    <instance_camera url="#ID8" />
                </node>
                <node name="skp_camera_test_(ACT(고급_카메라_도구))">
                    <matrix>0.9180961 0.3313502 -0.2175007 1883.521 -0.3963578 0.767517 -0.5038038 -3540.148 -4.857226e-15 0.5487484 0.8359876 1826.967 0 0 0 1</matrix>
                    <instance_camera url="#ID9" />
                </node>
                <node name="skp_camera_test_(ACT(고급_카메라_도구))">
                    <matrix>0.9180961 0.3313502 -0.2175007 1883.521 -0.3963578 0.767517 -0.5038038 -3540.148 -4.857226e-15 0.5487484 0.8359876 1826.967 0 0 0 1</matrix>
                    <instance_camera url="#ID10" />
                </node>
                <node name="skp_camera_test_(ACT(고급_카메라_도구))">
                    <matrix>0.9180961 0.3313502 -0.2175007 1883.521 -0.3963578 0.767517 -0.5038038 -3540.148 -4.857226e-15 0.5487484 0.8359876 1826.967 0 0 0 1</matrix>
                    <instance_camera url="#ID11" />
                </node>
                <node name="skp_camera_test_(ACT(고급_카메라_도구))">
                    <matrix>0.9180961 0.3313502 -0.2175007 1883.521 -0.3963578 0.767517 -0.5038038 -3540.148 -4.857226e-15 0.5487484 0.8359876 1826.967 0 0 0 1</matrix>
                    <instance_camera url="#ID12" />
                </node>
                <node name="skp_camera_test_(ACT(고급_카메라_도구))">
                    <matrix>0.9180961 0.3313502 -0.2175007 1883.521 -0.3963578 0.767517 -0.5038038 -3540.148 -4.857226e-15 0.5487484 0.8359876 1826.967 0 0 0 1</matrix>
                    <instance_camera url="#ID13" />
                </node>
                <node name="skp_camera_test_(ACT(고급_카메라_도구))">
                    <matrix>0.9180961 0.3313502 -0.2175007 1883.521 -0.3963578 0.767517 -0.5038038 -3540.148 -4.857226e-15 0.5487484 0.8359876 1826.967 0 0 0 1</matrix>
                    <instance_camera url="#ID14" />
                </node>
                <node name="skp_camera_test_(ACT(고급_카메라_도구))">
                    <matrix>0.9180961 0.3313502 -0.2175007 1883.521 -0.3963578 0.767517 -0.5038038 -3540.148 -4.857226e-15 0.5487484 0.8359876 1826.967 0 0 0 1</matrix>
                    <instance_camera url="#ID15" />
                </node>
                <node name="skp_camera_test_(ACT(고급_카메라_도구))">
                    <matrix>0.9180961 0.3313502 -0.2175007 1883.521 -0.3963578 0.767517 -0.5038038 -3540.148 -4.857226e-15 0.5487484 0.8359876 1826.967 0 0 0 1</matrix>
                    <instance_camera url="#ID16" />
                </node>
                <node name="skp_camera_test_(ACT(고급_카메라_도구))">
                    <matrix>0.9180961 0.3313502 -0.2175007 1883.521 -0.3963578 0.767517 -0.5038038 -3540.148 -4.857226e-15 0.5487484 0.8359876 1826.967 0 0 0 1</matrix>
                    <instance_camera url="#ID17" />
                </node>
                <node name="skp_camera_test_(ACT(고급_카메라_도구))">
                    <matrix>0.9180961 0.3313502 -0.2175007 1883.521 -0.3963578 0.767517 -0.5038038 -3540.148 -4.857226e-15 0.5487484 0.8359876 1826.967 0 0 0 1</matrix>
                    <instance_camera url="#ID18" />
                </node>
                <node name="skp_camera_test_(ACT(고급_카메라_도구))">
                    <matrix>0.9180961 0.3313502 -0.2175007 1883.521 -0.3963578 0.767517 -0.5038038 -3540.148 -4.857226e-15 0.5487484 0.8359876 1826.967 0 0 0 1</matrix>
                    <instance_camera url="#ID19" />
                </node>
                <node name="skp_camera_test_(ACT(고급_카메라_도구))">
                    <matrix>0.9180961 0.3313502 -0.2175007 1883.521 -0.3963578 0.767517 -0.5038038 -3540.148 -4.857226e-15 0.5487484 0.8359876 1826.967 0 0 0 1</matrix>
                    <instance_camera url="#ID20" />
                </node>
                <node name="skp_camera_test_(ACT(고급_카메라_도구))">
                    <matrix>0.9180961 0.3313502 -0.2175007 1883.521 -0.3963578 0.767517 -0.5038038 -3540.148 -4.857226e-15 0.5487484 0.8359876 1826.967 0 0 0 1</matrix>
                    <instance_camera url="#ID21" />
                </node>
                <node name="skp_camera_test_(ACT(고급_카메라_도구))">
                    <matrix>0.9180961 0.3313502 -0.2175007 1883.521 -0.3963578 0.767517 -0.5038038 -3540.148 -4.857226e-15 0.5487484 0.8359876 1826.967 0 0 0 1</matrix>
                    <instance_camera url="#ID22" />
                </node>
                <node name="skp_camera_test_(ACT(고급_카메라_도구))">
                    <matrix>0.9180961 0.3313502 -0.2175007 1883.521 -0.3963578 0.767517 -0.5038038 -3540.148 -4.857226e-15 0.5487484 0.8359876 1826.967 0 0 0 1</matrix>
                    <instance_camera url="#ID23" />
                </node>
                <node name="skp_camera_test_(ACT(고급_카메라_도구))">
                    <matrix>0.9180961 0.3313502 -0.2175007 1883.521 -0.3963578 0.767517 -0.5038038 -3540.148 -4.857226e-15 0.5487484 0.8359876 1826.967 0 0 0 1</matrix>
                    <instance_camera url="#ID24" />
                </node>
                <node name="skp_camera_test_(ACT(고급_카메라_도구))">
                    <matrix>0.9180961 0.3313502 -0.2175007 1883.521 -0.3963578 0.767517 -0.5038038 -3540.148 -4.857226e-15 0.5487484 0.8359876 1826.967 0 0 0 1</matrix>
                    <instance_camera url="#ID25" />
                </node>
                <node name="skp_camera_test_(ACT(고급_카메라_도구))">
                    <matrix>0.9180961 0.3313502 -0.2175007 1883.521 -0.3963578 0.767517 -0.5038038 -3540.148 -4.857226e-15 0.5487484 0.8359876 1826.967 0 0 0 1</matrix>
                    <instance_camera url="#ID26" />
                </node>
                <node id="ID28" name="group_0">
                    <matrix>1 0 0 -0.03937008 0 1 0 -348.496 0 0 1 31.33858 0 0 0 1</matrix>
                    <node id="ID29" name="group_1">
                        <matrix>1 0 0 0.03937008 0 1 0 0 0 0 1 0 0 0 0 1</matrix>
                        <node id="ID30" name="group_2">
                            <matrix>1 0 0 799.6947 0 1 0 930.0855 0 0 1 1.421085e-14 0 0 0 1</matrix>
                            <instance_geometry url="#ID31">
                                <bind_material>
                                    <technique_common>
                                        <instance_material symbol="Material2" target="#ID32">
                                            <bind_vertex_input semantic="UVSET0" input_semantic="TEXCOORD" input_set="0" />
                                        </instance_material>
                                        <instance_material symbol="Material3" target="#ID37">
                                            <bind_vertex_input semantic="UVSET0" input_semantic="TEXCOORD" input_set="0" />
                                        </instance_material>
                                        <instance_material symbol="Material4" target="#ID39">
                                            <bind_vertex_input semantic="UVSET0" input_semantic="TEXCOORD" input_set="0" />
                                        </instance_material>
                                    </technique_common>
                                </bind_material>
                            </instance_geometry>
                            <instance_geometry url="#ID43">
                                <bind_material>
                                    <technique_common>
                                        <instance_material symbol="Material2" target="#ID44">
                                            <bind_vertex_input semantic="UVSET0" input_semantic="TEXCOORD" input_set="0" />
                                        </instance_material>
                                        <instance_material symbol="Material3" target="#ID39">
                                            <bind_vertex_input semantic="UVSET0" input_semantic="TEXCOORD" input_set="0" />
                                        </instance_material>
                                    </technique_common>
                                </bind_material>
                            </instance_geometry>
                            <instance_geometry url="#ID51">
                                <bind_material>
                                    <technique_common>
                                        <instance_material symbol="Material2" target="#ID32">
                                            <bind_vertex_input semantic="UVSET0" input_semantic="TEXCOORD" input_set="0" />
                                        </instance_material>
                                        <instance_material symbol="Material3" target="#ID37">
                                            <bind_vertex_input semantic="UVSET0" input_semantic="TEXCOORD" input_set="0" />
                                        </instance_material>
                                        <instance_material symbol="Material4" target="#ID39">
                                            <bind_vertex_input semantic="UVSET0" input_semantic="TEXCOORD" input_set="0" />
                                        </instance_material>
                                    </technique_common>
                                </bind_material>
                            </instance_geometry>
                            <instance_geometry url="#ID57">
                                <bind_material>
                                    <technique_common>
                                        <instance_material symbol="Material2" target="#ID44">
                                            <bind_vertex_input semantic="UVSET0" input_semantic="TEXCOORD" input_set="0" />
                                        </instance_material>
                                        <instance_material symbol="Material3" target="#ID39">
                                            <bind_vertex_input semantic="UVSET0" input_semantic="TEXCOORD" input_set="0" />
                                        </instance_material>
                                    </technique_common>
                                </bind_material>
                            </instance_geometry>
                            <instance_geometry url="#ID63">
                                <bind_material>
                                    <technique_common>
                                        <instance_material symbol="Material2" target="#ID44">
                                            <bind_vertex_input semantic="UVSET0" input_semantic="TEXCOORD" input_set="0" />
                                        </instance_material>
                                        <instance_material symbol="Material3" target="#ID39">
                                            <bind_vertex_input semantic="UVSET0" input_semantic="TEXCOORD" input_set="0" />
                                        </instance_material>
                                    </technique_common>
                                </bind_material>
                            </instance_geometry>
                            <instance_geometry url="#ID69">
                                <bind_material>
                                    <technique_common>
                                        <instance_material symbol="Material2" target="#ID32">
                                            <bind_vertex_input semantic="UVSET0" input_semantic="TEXCOORD" input_set="0" />
                                        </instance_material>
                                        <instance_material symbol="Material3" target="#ID37">
                                            <bind_vertex_input semantic="UVSET0" input_semantic="TEXCOORD" input_set="0" />
                                        </instance_material>
                                        <instance_material symbol="Material4" target="#ID39">
                                            <bind_vertex_input semantic="UVSET0" input_semantic="TEXCOORD" input_set="0" />
                                        </instance_material>
                                    </technique_common>
                                </bind_material>
                            </instance_geometry>
                            <instance_geometry url="#ID75">
                                <bind_material>
                                    <technique_common>
                                        <instance_material symbol="Material2" target="#ID32">
                                            <bind_vertex_input semantic="UVSET0" input_semantic="TEXCOORD" input_set="0" />
                                        </instance_material>
                                        <instance_material symbol="Material3" target="#ID37">
                                            <bind_vertex_input semantic="UVSET0" input_semantic="TEXCOORD" input_set="0" />
                                        </instance_material>
                                        <instance_material symbol="Material4" target="#ID39">
                                            <bind_vertex_input semantic="UVSET0" input_semantic="TEXCOORD" input_set="0" />
                                        </instance_material>
                                    </technique_common>
                                </bind_material>
                            </instance_geometry>
                            <instance_geometry url="#ID81">
                                <bind_material>
                                    <technique_common>
                                        <instance_material symbol="Material2" target="#ID44">
                                            <bind_vertex_input semantic="UVSET0" input_semantic="TEXCOORD" input_set="0" />
                                        </instance_material>
                                        <instance_material symbol="Material3" target="#ID39">
                                            <bind_vertex_input semantic="UVSET0" input_semantic="TEXCOORD" input_set="0" />
                                        </instance_material>
                                    </technique_common>
                                </bind_material>
                            </instance_geometry>
                            <instance_geometry url="#ID87">
                                <bind_material>
                                    <technique_common>
                                        <instance_material symbol="Material2" target="#ID32">
                                            <bind_vertex_input semantic="UVSET0" input_semantic="TEXCOORD" input_set="0" />
                                        </instance_material>
                                        <instance_material symbol="Material3" target="#ID37">
                                            <bind_vertex_input semantic="UVSET0" input_semantic="TEXCOORD" input_set="0" />
                                        </instance_material>
                                        <instance_material symbol="Material4" target="#ID39">
                                            <bind_vertex_input semantic="UVSET0" input_semantic="TEXCOORD" input_set="0" />
                                        </instance_material>
                                    </technique_common>
                                </bind_material>
                            </instance_geometry>
                            <instance_geometry url="#ID93">
                                <bind_material>
                                    <technique_common>
                                        <instance_material symbol="Material2" target="#ID44">
                                            <bind_vertex_input semantic="UVSET0" input_semantic="TEXCOORD" input_set="0" />
                                        </instance_material>
                                        <instance_material symbol="Material3" target="#ID39">
                                            <bind_vertex_input semantic="UVSET0" input_semantic="TEXCOORD" input_set="0" />
                                        </instance_material>
                                    </technique_common>
                                </bind_material>
                            </instance_geometry>
                            <instance_geometry url="#ID99">
                                <bind_material>
                                    <technique_common>
                                        <instance_material symbol="Material2" target="#ID32">
                                            <bind_vertex_input semantic="UVSET0" input_semantic="TEXCOORD" input_set="0" />
                                        </instance_material>
                                        <instance_material symbol="Material3" target="#ID37">
                                            <bind_vertex_input semantic="UVSET0" input_semantic="TEXCOORD" input_set="0" />
                                        </instance_material>
                                        <instance_material symbol="Material4" target="#ID39">
                                            <bind_vertex_input semantic="UVSET0" input_semantic="TEXCOORD" input_set="0" />
                                        </instance_material>
                                    </technique_common>
                                </bind_material>
                            </instance_geometry>
                            <instance_geometry url="#ID105">
                                <bind_material>
                                    <technique_common>
                                        <instance_material symbol="Material2" target="#ID44">
                                            <bind_vertex_input semantic="UVSET0" input_semantic="TEXCOORD" input_set="0" />
                                        </instance_material>
                                        <instance_material symbol="Material3" target="#ID39">
                                            <bind_vertex_input semantic="UVSET0" input_semantic="TEXCOORD" input_set="0" />
                                        </instance_material>
                                    </technique_common>
                                </bind_material>
                            </instance_geometry>
                            <instance_geometry url="#ID111">
                                <bind_material>
                                    <technique_common>
                                        <instance_material symbol="Material2" target="#ID32">
                                            <bind_vertex_input semantic="UVSET0" input_semantic="TEXCOORD" input_set="0" />
                                        </instance_material>
                                        <instance_material symbol="Material3" target="#ID37">
                                            <bind_vertex_input semantic="UVSET0" input_semantic="TEXCOORD" input_set="0" />
                                        </instance_material>
                                        <instance_material symbol="Material4" target="#ID39">
                                            <bind_vertex_input semantic="UVSET0" input_semantic="TEXCOORD" input_set="0" />
                                        </instance_material>
                                    </technique_common>
                                </bind_material>
                            </instance_geometry>
                            <instance_geometry url="#ID117">
                                <bind_material>
                                    <technique_common>
                                        <instance_material symbol="Material2" target="#ID44">
                                            <bind_vertex_input semantic="UVSET0" input_semantic="TEXCOORD" input_set="0" />
                                        </instance_material>
                                        <instance_material symbol="Material3" target="#ID39">
                                            <bind_vertex_input semantic="UVSET0" input_semantic="TEXCOORD" input_set="0" />
                                        </instance_material>
                                    </technique_common>
                                </bind_material>
                            </instance_geometry>
                            <instance_geometry url="#ID123">
                                <bind_material>
                                    <technique_common>
                                        <instance_material symbol="Material2" target="#ID32">
                                            <bind_vertex_input semantic="UVSET0" input_semantic="TEXCOORD" input_set="0" />
                                        </instance_material>
                                        <instance_material symbol="Material3" target="#ID37">
                                            <bind_vertex_input semantic="UVSET0" input_semantic="TEXCOORD" input_set="0" />
                                        </instance_material>
                                        <instance_material symbol="Material4" target="#ID39">
                                            <bind_vertex_input semantic="UVSET0" input_semantic="TEXCOORD" input_set="0" />
                                        </instance_material>
                                    </technique_common>
                                </bind_material>
                            </instance_geometry>
                            <instance_geometry url="#ID129">
                                <bind_material>
                                    <technique_common>
                                        <instance_material symbol="Material2" target="#ID44">
                                            <bind_vertex_input semantic="UVSET0" input_semantic="TEXCOORD" input_set="0" />
                                        </instance_material>
                                        <instance_material symbol="Material3" target="#ID39">
                                            <bind_vertex_input semantic="UVSET0" input_semantic="TEXCOORD" input_set="0" />
                                        </instance_material>
                                    </technique_common>
                                </bind_material>
                            </instance_geometry>
                            <instance_geometry url="#ID135">
                                <bind_material>
                                    <technique_common>
                                        <instance_material symbol="Material2" target="#ID32">
                                            <bind_vertex_input semantic="UVSET0" input_semantic="TEXCOORD" input_set="0" />
                                        </instance_material>
                                        <instance_material symbol="Material3" target="#ID37">
                                            <bind_vertex_input semantic="UVSET0" input_semantic="TEXCOORD" input_set="0" />
                                        </instance_material>
                                        <instance_material symbol="Material4" target="#ID39">
                                            <bind_vertex_input semantic="UVSET0" input_semantic="TEXCOORD" input_set="0" />
                                        </instance_material>
                                    </technique_common>
                                </bind_material>
                            </instance_geometry>
                            <instance_geometry url="#ID141">
                                <bind_material>
                                    <technique_common>
                                        <instance_material symbol="Material2" target="#ID32">
                                            <bind_vertex_input semantic="UVSET0" input_semantic="TEXCOORD" input_set="0" />
                                        </instance_material>
                                        <instance_material symbol="Material3" target="#ID37">
                                            <bind_vertex_input semantic="UVSET0" input_semantic="TEXCOORD" input_set="0" />
                                        </instance_material>
                                        <instance_material symbol="Material4" target="#ID39">
                                            <bind_vertex_input semantic="UVSET0" input_semantic="TEXCOORD" input_set="0" />
                                        </instance_material>
                                    </technique_common>
                                </bind_material>
                            </instance_geometry>
                            <instance_geometry url="#ID147">
                                <bind_material>
